0                100.000000      
1                102.041494      
2                104.287274      
3                105.640643      
4                108.228719      
5                111.040133      
6                112.173103      
7                113.698825      
8                116.013338      
9                117.399147      
10               119.117415      
11               121.777506      
12               122.929650      
13               124.469161      
14               126.085058      
15               128.881715      
16               130.746975      
17               132.046374      
18               133.794046      
19               135.955355      
20               138.640655      
21               141.361976      
22               143.899347      
23               145.580772      
24               147.378333      
25               149.316740      
26               151.268173      
27               153.418793      
28               155.832225      
29               158.638989      
30               160.829121      
31               162.383486      
32               165.058509      
33               166.989335      
34               169.906237      
35               172.054574      
36               174.803594      
37               176.218278      
38               178.426783      
39               181.272937      
40               183.891471      
41               185.441863      
42               187.990992      
43               189.500986      
44               191.074755      
45               192.518916      
46               194.168060      
47               195.504115      
48               197.607675      
49               200.233715      
50               202.848983      
51               205.597746      
52               207.418830      
53               208.854452      
54               210.883035      
55               213.618645      
56               216.085412      
57               218.814109      
58               221.194287      
59               224.036903      
60               226.383295      
61               229.039457      
62               231.652396      
63               234.091072      
64               235.710305      
65               237.946362      
66               240.125533      
67               241.850177      
68               243.614532      
69               246.491824      
70               247.588315      
71               250.050626      
72               252.686293      
73               255.029984      
74               257.185155      
75               258.727680      
76               259.746584      
77               261.266365      
78               263.946995      
79               266.946562      
80               268.495896      
81               270.954840      
82               272.055870      
83               274.026502      
84               276.938731      
85               278.024880      
86               280.569664      
87               282.546197      
88               284.130096      
89               286.226947      
90               288.331403      
91               290.794721      
92               292.262313      
93               294.565214      
94               297.463357      
95               298.489996      
96               300.315996      
97               301.500901      
98               303.269668      
99               305.151092      
100              308.053765      
101              309.443553      
102              310.837236      
103              313.122826      
104              314.405061      
105              316.226550      
106              317.476630      
107              320.080717      
108              322.537361      
109              325.284909      
110              328.070094      
111              330.584640      
112              333.265941      
113              335.288632      
114              336.475998      
115              338.582852      
116              341.441612      
117              344.436277      
118              346.318742      
119              347.335348      
120              349.352528      
121              350.383091      
122              352.888288      
123              355.651458      
124              358.316189      
125              359.496328      
126              362.300250      
127              363.842589      
128              365.783824      
129              368.233645      
130              370.864045      
131              373.352980      
132              374.409525      
133              377.141469      
134              379.578243      
135              381.712994      
136              382.988623      
137              384.030350      
138              385.456701      
139              387.765616      
140              389.575787      
141              391.760450      
142              393.510068      
143              396.190323      
144              398.735937      
145              400.226505      
146              402.032283      
147              403.785820      
148              406.506806      
149              408.812962      
150              411.013047      
151              413.379334      
152              416.348489      
153              418.787532      
154              421.705275      
155              424.064875      
156              425.756254      
157              428.267170      
158              430.596912      
159              432.462151      
160              433.978219      
161              435.293472      
162              436.454395      
163              438.286262      
164              440.426402      
165              442.279951      
166              444.258181      
167              446.182249      
168              447.316627      
169              448.800297      
170              450.652824      
171              452.578741      
172              453.809182      
173              456.745476      
174              458.664696      
175              461.127133      
176              462.145393      
177              463.609575      
178              466.007568      
179              467.128945      
180              468.200753      
181              470.559209      
182              471.654876      
183              472.746382      
184              474.840066      
185              476.770856      
186              478.764215      
187              481.424418      
188              483.336710      
189              484.945211      
190              487.479196      
191              489.523496      
192              492.302898      
193              494.203473      
194              496.157735      
195              498.214535      
196              500.348576      
197              503.321881      
198              504.883659      
199              506.948985      
200              509.572507      
201              511.776182      
202              514.263181      
203              516.754534      
204              519.320084      
205              521.205190      
206              523.089873      
207              524.632718      
208              526.442608      
209              528.247112      
210              530.464979      
211              531.728260      
212              534.697506      
213              536.675177      
214              539.116965      
215              540.941298      
216              543.670063      
217              544.990229      
218              547.287572      
219              549.442961      
220              551.658207      
221              554.175565      
222              556.607667      
223              558.608962      
224              560.826418      
225              563.797248      
226              566.114952      
227              568.373657      
228              569.451282      
229              572.226769      
230              573.371704      
231              575.906355      
232              577.377271      
233              578.806799      
234              580.104254      
235              581.273132      
236              583.684645      
237              585.134176      
238              588.010174      
239              590.338448      
240              592.372635      
241              594.473996      
242              595.935884      
243              598.094138      
244              599.511471      
245              601.933241      
246              603.975850      
247              605.512964      
248              607.619343      
249              610.160850      
250              613.090317      
251              615.284703      
252              616.608599      
253              618.140962      
254              620.740590      
255              623.515734      
256              625.137662      
257              626.585712      
258              627.953228      
259              629.991768      
260              632.506901      
261              634.832030      
262              637.633978      
263              639.850465      
264              642.373919      
265              644.025696      
266              645.541188      
267              646.739154      
268              648.234227      
269              649.254077      
270              650.567124      
271              653.395174      
272              654.670136      
273              655.707731      
274              656.729280      
275              659.555967      
276              661.171677      
277              663.650961      
278              664.974599      
279              667.634096      
280              669.877515      
281              672.777414      
282              674.410120      
283              676.714810      
284              679.333102      
285              682.317789      
286              683.814414      
287              686.403338      
288              688.099146      
289              691.020166      
290              693.987144      
291              696.917769      
292              699.169368      
293              702.139124      
294              704.584710      
295              705.720616      
296              707.529781      
297              708.686336      
298              710.013009      
299              711.356467      
300              712.579581      
301              714.510580      
302              716.477431      
303              718.558375      
304              720.214824      
305              722.362160      
306              724.429117      
307              726.328407      
308              728.217955      
309              729.338881      
310              732.070624      
311              733.198383      
312              735.432853      
313              736.588982      
314              739.238218      
315              740.741296      
316              743.457790      
317              745.256387      
318              746.498601      
319              748.730794      
320              751.464011      
321              752.526256      
322              754.880601      
323              757.009283      
324              758.438718      
325              759.574223      
326              760.661815      
327              763.362240      
328              765.943382      
329              767.470427      
330              769.289585      
331              772.085226      
332              774.195160      
333              775.275803      
334              777.223961      
335              778.674875      
336              781.601077      
337              783.252164      
338              786.126782      
339              787.677379      
340              788.797950      
341              791.131095      
342              792.833272      
343              794.956861      
344              796.863015      
345              798.133247      
346              799.321081      
347              801.213632      
348              802.795279      
349              805.199250      
350              806.595008      
351              808.811023      
352              810.135197      
353              811.584012      
354              812.607123      
355              815.478536      
356              818.476886      
357              820.722077      
358              823.466605      
359              825.578360      
360              828.045376      
361              830.229904      
362              832.698423      
363              834.378976      
364              835.916564      
365              838.276203      
366              840.137892      
367              841.415188      
368              842.447025      
369              843.870804      
370              845.755390      
371              848.657496      
372              849.962573      
373              852.521487      
374              854.243907      
375              856.605538      
376              857.947456      
377              860.390994      
378              863.223380      
379              865.338221      
380              867.911433      
381              869.462950      
382              870.626097      
383              873.103179      
384              874.250440      
385              876.340181      
386              878.061339      
387              880.131802      
388              881.329943      
389              882.603507      
390              883.806672      
391              885.352028      
392              888.076141      
393              890.882962      
394              893.712685      
395              895.311862      
396              896.803809      
397              898.204760      
398              901.155854      
399              903.042297      
400              905.224971      
401              907.275818      
402              909.852153      
403              911.825151      
404              912.864171      
405              914.969297      
406              916.669929      
407              918.449194      
408              920.461161      
409              923.205506      
410              925.194782      
411              926.590968      
412              928.199228      
413              929.920154      
414              931.943699      
415              934.033825      
416              936.050583      
417              938.936414      
418              941.296079      
419              943.835284      
420              946.032783      
421              948.726182      
422              951.203423      
423              953.276050      
424              955.509681      
425              957.539134      
426              959.760342      
427              962.242327      
428              964.249242      
429              966.462984      
430              968.217927      
431              969.867083      
432              972.362016      
433              973.916377      
434              974.953797      
435              977.750866      
436              979.537771      
437              980.539544      
438              983.212840      
439              984.568300      
440              986.987796      
441              989.668682      
442              992.208416      
443              993.628241      
444              994.650462      
445              996.171190      
446              997.602062      
